#Flames User Data for Blue Flames#3256
#Fri Apr 21 14:12:32 EDT 2023
bonusMultiplier=1.0
consent=1
conversations=0
emotion=0.0
favoriteQuote=
happyDay=2023-04-21T18\:12\:32.013967200Z
highScore=0.0
lastBonus=1970-01-01T00\:00\:00Z
locale=en_US
lowScore=0.0
messages=0
rank=UNRANKED
sadDay=2023-04-21T18\:12\:32.013967200Z
score=0.0